
 Time: 1
Waiting Clients:
(38, 2, 2) (15, 3, 3) (50, 3, 5) (2, 4, 3) (32, 4, 4) (7, 5, 3) (14, 7, 3) (20, 7, 6) (23, 8, 1) (35, 8, 5) (45, 8, 3) (11, 9, 1) (29, 10, 3) (36, 12, 5) (49, 13, 2) (22, 15, 5) (40, 15, 5) (47, 15, 3) (16, 16, 4) (4, 17, 6) (9, 17, 2) (12, 17, 6) (25, 17, 2) (34, 18, 6) (5, 19, 4) (1, 21, 5) (27, 21, 6) (17, 22, 6) (13, 23, 4) (42, 23, 1) (33, 24, 5) (41, 24, 4) (3, 25, 5) (37, 27, 6) (48, 27, 5) (19, 28, 5) (28, 28, 4) (18, 29, 1) (21, 29, 5) (44, 29, 2) (8, 30, 3) (24, 30, 5) (30, 31, 2) (10, 32, 5) (31, 32, 6) (39, 35, 6) (46, 35, 4) (26, 37, 5) (6, 39, 2) (43, 39, 1) 
Queue 1: closed
Queue 2: closed
Queue 3: closed
Queue 4: closed
Queue 5: closed


 Time: 2
Waiting Clients:
(15, 3, 3) (50, 3, 5) (2, 4, 3) (32, 4, 4) (7, 5, 3) (14, 7, 3) (20, 7, 6) (23, 8, 1) (35, 8, 5) (45, 8, 3) (11, 9, 1) (29, 10, 3) (36, 12, 5) (49, 13, 2) (22, 15, 5) (40, 15, 5) (47, 15, 3) (16, 16, 4) (4, 17, 6) (9, 17, 2) (12, 17, 6) (25, 17, 2) (34, 18, 6) (5, 19, 4) (1, 21, 5) (27, 21, 6) (17, 22, 6) (13, 23, 4) (42, 23, 1) (33, 24, 5) (41, 24, 4) (3, 25, 5) (37, 27, 6) (48, 27, 5) (19, 28, 5) (28, 28, 4) (18, 29, 1) (21, 29, 5) (44, 29, 2) (8, 30, 3) (24, 30, 5) (30, 31, 2) (10, 32, 5) (31, 32, 6) (39, 35, 6) (46, 35, 4) (26, 37, 5) (6, 39, 2) (43, 39, 1) 
Queue 1: (38, 2, 2) 
Queue 2: closed
Queue 3: closed
Queue 4: closed
Queue 5: closed


 Time: 3
Waiting Clients:
(2, 4, 3) (32, 4, 4) (7, 5, 3) (14, 7, 3) (20, 7, 6) (23, 8, 1) (35, 8, 5) (45, 8, 3) (11, 9, 1) (29, 10, 3) (36, 12, 5) (49, 13, 2) (22, 15, 5) (40, 15, 5) (47, 15, 3) (16, 16, 4) (4, 17, 6) (9, 17, 2) (12, 17, 6) (25, 17, 2) (34, 18, 6) (5, 19, 4) (1, 21, 5) (27, 21, 6) (17, 22, 6) (13, 23, 4) (42, 23, 1) (33, 24, 5) (41, 24, 4) (3, 25, 5) (37, 27, 6) (48, 27, 5) (19, 28, 5) (28, 28, 4) (18, 29, 1) (21, 29, 5) (44, 29, 2) (8, 30, 3) (24, 30, 5) (30, 31, 2) (10, 32, 5) (31, 32, 6) (39, 35, 6) (46, 35, 4) (26, 37, 5) (6, 39, 2) (43, 39, 1) 
Queue 1: (38, 2, 1) 
Queue 2: (15, 3, 3) 
Queue 3: (50, 3, 5) 
Queue 4: closed
Queue 5: closed


 Time: 4
Waiting Clients:
(7, 5, 3) (14, 7, 3) (20, 7, 6) (23, 8, 1) (35, 8, 5) (45, 8, 3) (11, 9, 1) (29, 10, 3) (36, 12, 5) (49, 13, 2) (22, 15, 5) (40, 15, 5) (47, 15, 3) (16, 16, 4) (4, 17, 6) (9, 17, 2) (12, 17, 6) (25, 17, 2) (34, 18, 6) (5, 19, 4) (1, 21, 5) (27, 21, 6) (17, 22, 6) (13, 23, 4) (42, 23, 1) (33, 24, 5) (41, 24, 4) (3, 25, 5) (37, 27, 6) (48, 27, 5) (19, 28, 5) (28, 28, 4) (18, 29, 1) (21, 29, 5) (44, 29, 2) (8, 30, 3) (24, 30, 5) (30, 31, 2) (10, 32, 5) (31, 32, 6) (39, 35, 6) (46, 35, 4) (26, 37, 5) (6, 39, 2) (43, 39, 1) 
Queue 1: closed
Queue 2: (15, 3, 2) 
Queue 3: (50, 3, 4) 
Queue 4: (2, 4, 3) 
Queue 5: (32, 4, 4) 


 Time: 5
Waiting Clients:
(14, 7, 3) (20, 7, 6) (23, 8, 1) (35, 8, 5) (45, 8, 3) (11, 9, 1) (29, 10, 3) (36, 12, 5) (49, 13, 2) (22, 15, 5) (40, 15, 5) (47, 15, 3) (16, 16, 4) (4, 17, 6) (9, 17, 2) (12, 17, 6) (25, 17, 2) (34, 18, 6) (5, 19, 4) (1, 21, 5) (27, 21, 6) (17, 22, 6) (13, 23, 4) (42, 23, 1) (33, 24, 5) (41, 24, 4) (3, 25, 5) (37, 27, 6) (48, 27, 5) (19, 28, 5) (28, 28, 4) (18, 29, 1) (21, 29, 5) (44, 29, 2) (8, 30, 3) (24, 30, 5) (30, 31, 2) (10, 32, 5) (31, 32, 6) (39, 35, 6) (46, 35, 4) (26, 37, 5) (6, 39, 2) (43, 39, 1) 
Queue 1: (7, 5, 3) 
Queue 2: (15, 3, 1) 
Queue 3: (50, 3, 3) 
Queue 4: (2, 4, 2) 
Queue 5: (32, 4, 3) 


 Time: 6
Waiting Clients:
(14, 7, 3) (20, 7, 6) (23, 8, 1) (35, 8, 5) (45, 8, 3) (11, 9, 1) (29, 10, 3) (36, 12, 5) (49, 13, 2) (22, 15, 5) (40, 15, 5) (47, 15, 3) (16, 16, 4) (4, 17, 6) (9, 17, 2) (12, 17, 6) (25, 17, 2) (34, 18, 6) (5, 19, 4) (1, 21, 5) (27, 21, 6) (17, 22, 6) (13, 23, 4) (42, 23, 1) (33, 24, 5) (41, 24, 4) (3, 25, 5) (37, 27, 6) (48, 27, 5) (19, 28, 5) (28, 28, 4) (18, 29, 1) (21, 29, 5) (44, 29, 2) (8, 30, 3) (24, 30, 5) (30, 31, 2) (10, 32, 5) (31, 32, 6) (39, 35, 6) (46, 35, 4) (26, 37, 5) (6, 39, 2) (43, 39, 1) 
Queue 1: (7, 5, 2) 
Queue 2: closed
Queue 3: (50, 3, 2) 
Queue 4: (2, 4, 1) 
Queue 5: (32, 4, 2) 


 Time: 7
Waiting Clients:
(23, 8, 1) (35, 8, 5) (45, 8, 3) (11, 9, 1) (29, 10, 3) (36, 12, 5) (49, 13, 2) (22, 15, 5) (40, 15, 5) (47, 15, 3) (16, 16, 4) (4, 17, 6) (9, 17, 2) (12, 17, 6) (25, 17, 2) (34, 18, 6) (5, 19, 4) (1, 21, 5) (27, 21, 6) (17, 22, 6) (13, 23, 4) (42, 23, 1) (33, 24, 5) (41, 24, 4) (3, 25, 5) (37, 27, 6) (48, 27, 5) (19, 28, 5) (28, 28, 4) (18, 29, 1) (21, 29, 5) (44, 29, 2) (8, 30, 3) (24, 30, 5) (30, 31, 2) (10, 32, 5) (31, 32, 6) (39, 35, 6) (46, 35, 4) (26, 37, 5) (6, 39, 2) (43, 39, 1) 
Queue 1: (7, 5, 1) 
Queue 2: (14, 7, 3) 
Queue 3: (50, 3, 1) 
Queue 4: (20, 7, 7) 
Queue 5: (32, 4, 1) 


 Time: 8
Waiting Clients:
(11, 9, 1) (29, 10, 3) (36, 12, 5) (49, 13, 2) (22, 15, 5) (40, 15, 5) (47, 15, 3) (16, 16, 4) (4, 17, 6) (9, 17, 2) (12, 17, 6) (25, 17, 2) (34, 18, 6) (5, 19, 4) (1, 21, 5) (27, 21, 6) (17, 22, 6) (13, 23, 4) (42, 23, 1) (33, 24, 5) (41, 24, 4) (3, 25, 5) (37, 27, 6) (48, 27, 5) (19, 28, 5) (28, 28, 4) (18, 29, 1) (21, 29, 5) (44, 29, 2) (8, 30, 3) (24, 30, 5) (30, 31, 2) (10, 32, 5) (31, 32, 6) (39, 35, 6) (46, 35, 4) (26, 37, 5) (6, 39, 2) (43, 39, 1) 
Queue 1: (23, 8, 2) 
Queue 2: (14, 7, 2) 
Queue 3: (35, 8, 6) 
Queue 4: (20, 7, 6) 
Queue 5: (45, 8, 4) 


 Time: 9
Waiting Clients:
(29, 10, 3) (36, 12, 5) (49, 13, 2) (22, 15, 5) (40, 15, 5) (47, 15, 3) (16, 16, 4) (4, 17, 6) (9, 17, 2) (12, 17, 6) (25, 17, 2) (34, 18, 6) (5, 19, 4) (1, 21, 5) (27, 21, 6) (17, 22, 6) (13, 23, 4) (42, 23, 1) (33, 24, 5) (41, 24, 4) (3, 25, 5) (37, 27, 6) (48, 27, 5) (19, 28, 5) (28, 28, 4) (18, 29, 1) (21, 29, 5) (44, 29, 2) (8, 30, 3) (24, 30, 5) (30, 31, 2) (10, 32, 5) (31, 32, 6) (39, 35, 6) (46, 35, 4) (26, 37, 5) (6, 39, 2) (43, 39, 1) 
Queue 1: (23, 8, 1) (11, 9, 2) 
Queue 2: (14, 7, 1) 
Queue 3: (35, 8, 5) 
Queue 4: (20, 7, 5) 
Queue 5: (45, 8, 3) 


 Time: 10
Waiting Clients:
(36, 12, 5) (49, 13, 2) (22, 15, 5) (40, 15, 5) (47, 15, 3) (16, 16, 4) (4, 17, 6) (9, 17, 2) (12, 17, 6) (25, 17, 2) (34, 18, 6) (5, 19, 4) (1, 21, 5) (27, 21, 6) (17, 22, 6) (13, 23, 4) (42, 23, 1) (33, 24, 5) (41, 24, 4) (3, 25, 5) (37, 27, 6) (48, 27, 5) (19, 28, 5) (28, 28, 4) (18, 29, 1) (21, 29, 5) (44, 29, 2) (8, 30, 3) (24, 30, 5) (30, 31, 2) (10, 32, 5) (31, 32, 6) (39, 35, 6) (46, 35, 4) (26, 37, 5) (6, 39, 2) (43, 39, 1) 
Queue 1: (11, 9, 2) 
Queue 2: (29, 10, 4) 
Queue 3: (35, 8, 4) 
Queue 4: (20, 7, 4) 
Queue 5: (45, 8, 2) 


 Time: 11
Waiting Clients:
(36, 12, 5) (49, 13, 2) (22, 15, 5) (40, 15, 5) (47, 15, 3) (16, 16, 4) (4, 17, 6) (9, 17, 2) (12, 17, 6) (25, 17, 2) (34, 18, 6) (5, 19, 4) (1, 21, 5) (27, 21, 6) (17, 22, 6) (13, 23, 4) (42, 23, 1) (33, 24, 5) (41, 24, 4) (3, 25, 5) (37, 27, 6) (48, 27, 5) (19, 28, 5) (28, 28, 4) (18, 29, 1) (21, 29, 5) (44, 29, 2) (8, 30, 3) (24, 30, 5) (30, 31, 2) (10, 32, 5) (31, 32, 6) (39, 35, 6) (46, 35, 4) (26, 37, 5) (6, 39, 2) (43, 39, 1) 
Queue 1: (11, 9, 1) 
Queue 2: (29, 10, 3) 
Queue 3: (35, 8, 3) 
Queue 4: (20, 7, 3) 
Queue 5: (45, 8, 1) 


 Time: 12
Waiting Clients:
(49, 13, 2) (22, 15, 5) (40, 15, 5) (47, 15, 3) (16, 16, 4) (4, 17, 6) (9, 17, 2) (12, 17, 6) (25, 17, 2) (34, 18, 6) (5, 19, 4) (1, 21, 5) (27, 21, 6) (17, 22, 6) (13, 23, 4) (42, 23, 1) (33, 24, 5) (41, 24, 4) (3, 25, 5) (37, 27, 6) (48, 27, 5) (19, 28, 5) (28, 28, 4) (18, 29, 1) (21, 29, 5) (44, 29, 2) (8, 30, 3) (24, 30, 5) (30, 31, 2) (10, 32, 5) (31, 32, 6) (39, 35, 6) (46, 35, 4) (26, 37, 5) (6, 39, 2) (43, 39, 1) 
Queue 1: (36, 12, 6) 
Queue 2: (29, 10, 2) 
Queue 3: (35, 8, 2) 
Queue 4: (20, 7, 2) 
Queue 5: closed


 Time: 13
Waiting Clients:
(22, 15, 5) (40, 15, 5) (47, 15, 3) (16, 16, 4) (4, 17, 6) (9, 17, 2) (12, 17, 6) (25, 17, 2) (34, 18, 6) (5, 19, 4) (1, 21, 5) (27, 21, 6) (17, 22, 6) (13, 23, 4) (42, 23, 1) (33, 24, 5) (41, 24, 4) (3, 25, 5) (37, 27, 6) (48, 27, 5) (19, 28, 5) (28, 28, 4) (18, 29, 1) (21, 29, 5) (44, 29, 2) (8, 30, 3) (24, 30, 5) (30, 31, 2) (10, 32, 5) (31, 32, 6) (39, 35, 6) (46, 35, 4) (26, 37, 5) (6, 39, 2) (43, 39, 1) 
Queue 1: (36, 12, 5) 
Queue 2: (29, 10, 1) 
Queue 3: (35, 8, 1) 
Queue 4: (20, 7, 1) 
Queue 5: (49, 13, 2) 


 Time: 14
Waiting Clients:
(22, 15, 5) (40, 15, 5) (47, 15, 3) (16, 16, 4) (4, 17, 6) (9, 17, 2) (12, 17, 6) (25, 17, 2) (34, 18, 6) (5, 19, 4) (1, 21, 5) (27, 21, 6) (17, 22, 6) (13, 23, 4) (42, 23, 1) (33, 24, 5) (41, 24, 4) (3, 25, 5) (37, 27, 6) (48, 27, 5) (19, 28, 5) (28, 28, 4) (18, 29, 1) (21, 29, 5) (44, 29, 2) (8, 30, 3) (24, 30, 5) (30, 31, 2) (10, 32, 5) (31, 32, 6) (39, 35, 6) (46, 35, 4) (26, 37, 5) (6, 39, 2) (43, 39, 1) 
Queue 1: (36, 12, 4) 
Queue 2: closed
Queue 3: closed
Queue 4: closed
Queue 5: (49, 13, 1) 


 Time: 15
Waiting Clients:
(16, 16, 4) (4, 17, 6) (9, 17, 2) (12, 17, 6) (25, 17, 2) (34, 18, 6) (5, 19, 4) (1, 21, 5) (27, 21, 6) (17, 22, 6) (13, 23, 4) (42, 23, 1) (33, 24, 5) (41, 24, 4) (3, 25, 5) (37, 27, 6) (48, 27, 5) (19, 28, 5) (28, 28, 4) (18, 29, 1) (21, 29, 5) (44, 29, 2) (8, 30, 3) (24, 30, 5) (30, 31, 2) (10, 32, 5) (31, 32, 6) (39, 35, 6) (46, 35, 4) (26, 37, 5) (6, 39, 2) (43, 39, 1) 
Queue 1: (36, 12, 3) 
Queue 2: (22, 15, 5) 
Queue 3: (40, 15, 5) 
Queue 4: (47, 15, 3) 
Queue 5: closed


 Time: 16
Waiting Clients:
(4, 17, 6) (9, 17, 2) (12, 17, 6) (25, 17, 2) (34, 18, 6) (5, 19, 4) (1, 21, 5) (27, 21, 6) (17, 22, 6) (13, 23, 4) (42, 23, 1) (33, 24, 5) (41, 24, 4) (3, 25, 5) (37, 27, 6) (48, 27, 5) (19, 28, 5) (28, 28, 4) (18, 29, 1) (21, 29, 5) (44, 29, 2) (8, 30, 3) (24, 30, 5) (30, 31, 2) (10, 32, 5) (31, 32, 6) (39, 35, 6) (46, 35, 4) (26, 37, 5) (6, 39, 2) (43, 39, 1) 
Queue 1: (36, 12, 2) 
Queue 2: (22, 15, 4) 
Queue 3: (40, 15, 4) 
Queue 4: (47, 15, 2) 
Queue 5: (16, 16, 4) 


 Time: 17
Waiting Clients:
(34, 18, 6) (5, 19, 4) (1, 21, 5) (27, 21, 6) (17, 22, 6) (13, 23, 4) (42, 23, 1) (33, 24, 5) (41, 24, 4) (3, 25, 5) (37, 27, 6) (48, 27, 5) (19, 28, 5) (28, 28, 4) (18, 29, 1) (21, 29, 5) (44, 29, 2) (8, 30, 3) (24, 30, 5) (30, 31, 2) (10, 32, 5) (31, 32, 6) (39, 35, 6) (46, 35, 4) (26, 37, 5) (6, 39, 2) (43, 39, 1) 
Queue 1: (36, 12, 1) (4, 17, 7) 
Queue 2: (22, 15, 3) (12, 17, 7) 
Queue 3: (40, 15, 3) (25, 17, 3) 
Queue 4: (47, 15, 1) (9, 17, 3) 
Queue 5: (16, 16, 3) 


 Time: 18
Waiting Clients:
(5, 19, 4) (1, 21, 5) (27, 21, 6) (17, 22, 6) (13, 23, 4) (42, 23, 1) (33, 24, 5) (41, 24, 4) (3, 25, 5) (37, 27, 6) (48, 27, 5) (19, 28, 5) (28, 28, 4) (18, 29, 1) (21, 29, 5) (44, 29, 2) (8, 30, 3) (24, 30, 5) (30, 31, 2) (10, 32, 5) (31, 32, 6) (39, 35, 6) (46, 35, 4) (26, 37, 5) (6, 39, 2) (43, 39, 1) 
Queue 1: (4, 17, 7) 
Queue 2: (22, 15, 2) (12, 17, 7) 
Queue 3: (40, 15, 2) (25, 17, 3) 
Queue 4: (9, 17, 3) 
Queue 5: (16, 16, 2) (34, 18, 7) 


 Time: 19
Waiting Clients:
(1, 21, 5) (27, 21, 6) (17, 22, 6) (13, 23, 4) (42, 23, 1) (33, 24, 5) (41, 24, 4) (3, 25, 5) (37, 27, 6) (48, 27, 5) (19, 28, 5) (28, 28, 4) (18, 29, 1) (21, 29, 5) (44, 29, 2) (8, 30, 3) (24, 30, 5) (30, 31, 2) (10, 32, 5) (31, 32, 6) (39, 35, 6) (46, 35, 4) (26, 37, 5) (6, 39, 2) (43, 39, 1) 
Queue 1: (4, 17, 6) 
Queue 2: (22, 15, 1) (12, 17, 7) 
Queue 3: (40, 15, 1) (25, 17, 3) 
Queue 4: (9, 17, 2) (5, 19, 5) 
Queue 5: (16, 16, 1) (34, 18, 7) 


 Time: 20
Waiting Clients:
(1, 21, 5) (27, 21, 6) (17, 22, 6) (13, 23, 4) (42, 23, 1) (33, 24, 5) (41, 24, 4) (3, 25, 5) (37, 27, 6) (48, 27, 5) (19, 28, 5) (28, 28, 4) (18, 29, 1) (21, 29, 5) (44, 29, 2) (8, 30, 3) (24, 30, 5) (30, 31, 2) (10, 32, 5) (31, 32, 6) (39, 35, 6) (46, 35, 4) (26, 37, 5) (6, 39, 2) (43, 39, 1) 
Queue 1: (4, 17, 5) 
Queue 2: (12, 17, 7) 
Queue 3: (25, 17, 3) 
Queue 4: (9, 17, 1) (5, 19, 5) 
Queue 5: (34, 18, 7) 


 Time: 21
Waiting Clients:
(17, 22, 6) (13, 23, 4) (42, 23, 1) (33, 24, 5) (41, 24, 4) (3, 25, 5) (37, 27, 6) (48, 27, 5) (19, 28, 5) (28, 28, 4) (18, 29, 1) (21, 29, 5) (44, 29, 2) (8, 30, 3) (24, 30, 5) (30, 31, 2) (10, 32, 5) (31, 32, 6) (39, 35, 6) (46, 35, 4) (26, 37, 5) (6, 39, 2) (43, 39, 1) 
Queue 1: (4, 17, 4) (27, 21, 7) 
Queue 2: (12, 17, 6) 
Queue 3: (25, 17, 2) (1, 21, 6) 
Queue 4: (5, 19, 5) 
Queue 5: (34, 18, 6) 


 Time: 22
Waiting Clients:
(13, 23, 4) (42, 23, 1) (33, 24, 5) (41, 24, 4) (3, 25, 5) (37, 27, 6) (48, 27, 5) (19, 28, 5) (28, 28, 4) (18, 29, 1) (21, 29, 5) (44, 29, 2) (8, 30, 3) (24, 30, 5) (30, 31, 2) (10, 32, 5) (31, 32, 6) (39, 35, 6) (46, 35, 4) (26, 37, 5) (6, 39, 2) (43, 39, 1) 
Queue 1: (4, 17, 3) (27, 21, 7) 
Queue 2: (12, 17, 5) 
Queue 3: (25, 17, 1) (1, 21, 6) 
Queue 4: (5, 19, 4) (17, 22, 7) 
Queue 5: (34, 18, 5) 


 Time: 23
Waiting Clients:
(33, 24, 5) (41, 24, 4) (3, 25, 5) (37, 27, 6) (48, 27, 5) (19, 28, 5) (28, 28, 4) (18, 29, 1) (21, 29, 5) (44, 29, 2) (8, 30, 3) (24, 30, 5) (30, 31, 2) (10, 32, 5) (31, 32, 6) (39, 35, 6) (46, 35, 4) (26, 37, 5) (6, 39, 2) (43, 39, 1) 
Queue 1: (4, 17, 2) (27, 21, 7) 
Queue 2: (12, 17, 4) (13, 23, 5) 
Queue 3: (1, 21, 6) 
Queue 4: (5, 19, 3) (17, 22, 7) 
Queue 5: (34, 18, 4) (42, 23, 2) 


 Time: 24
Waiting Clients:
(3, 25, 5) (37, 27, 6) (48, 27, 5) (19, 28, 5) (28, 28, 4) (18, 29, 1) (21, 29, 5) (44, 29, 2) (8, 30, 3) (24, 30, 5) (30, 31, 2) (10, 32, 5) (31, 32, 6) (39, 35, 6) (46, 35, 4) (26, 37, 5) (6, 39, 2) (43, 39, 1) 
Queue 1: (4, 17, 1) (27, 21, 7) 
Queue 2: (12, 17, 3) (13, 23, 5) 
Queue 3: (1, 21, 5) (33, 24, 6) 
Queue 4: (5, 19, 2) (17, 22, 7) 
Queue 5: (34, 18, 3) (42, 23, 2) (41, 24, 5) 


 Time: 25
Waiting Clients:
(37, 27, 6) (48, 27, 5) (19, 28, 5) (28, 28, 4) (18, 29, 1) (21, 29, 5) (44, 29, 2) (8, 30, 3) (24, 30, 5) (30, 31, 2) (10, 32, 5) (31, 32, 6) (39, 35, 6) (46, 35, 4) (26, 37, 5) (6, 39, 2) (43, 39, 1) 
Queue 1: (27, 21, 7) (3, 25, 6) 
Queue 2: (12, 17, 2) (13, 23, 5) 
Queue 3: (1, 21, 4) (33, 24, 6) 
Queue 4: (5, 19, 1) (17, 22, 7) 
Queue 5: (34, 18, 2) (42, 23, 2) (41, 24, 5) 


 Time: 26
Waiting Clients:
(37, 27, 6) (48, 27, 5) (19, 28, 5) (28, 28, 4) (18, 29, 1) (21, 29, 5) (44, 29, 2) (8, 30, 3) (24, 30, 5) (30, 31, 2) (10, 32, 5) (31, 32, 6) (39, 35, 6) (46, 35, 4) (26, 37, 5) (6, 39, 2) (43, 39, 1) 
Queue 1: (27, 21, 6) (3, 25, 6) 
Queue 2: (12, 17, 1) (13, 23, 5) 
Queue 3: (1, 21, 3) (33, 24, 6) 
Queue 4: (17, 22, 7) 
Queue 5: (34, 18, 1) (42, 23, 2) (41, 24, 5) 


 Time: 27
Waiting Clients:
(19, 28, 5) (28, 28, 4) (18, 29, 1) (21, 29, 5) (44, 29, 2) (8, 30, 3) (24, 30, 5) (30, 31, 2) (10, 32, 5) (31, 32, 6) (39, 35, 6) (46, 35, 4) (26, 37, 5) (6, 39, 2) (43, 39, 1) 
Queue 1: (27, 21, 5) (3, 25, 6) 
Queue 2: (13, 23, 5) (37, 27, 7) 
Queue 3: (1, 21, 2) (33, 24, 6) 
Queue 4: (17, 22, 6) (48, 27, 6) 
Queue 5: (42, 23, 2) (41, 24, 5) 


 Time: 28
Waiting Clients:
(18, 29, 1) (21, 29, 5) (44, 29, 2) (8, 30, 3) (24, 30, 5) (30, 31, 2) (10, 32, 5) (31, 32, 6) (39, 35, 6) (46, 35, 4) (26, 37, 5) (6, 39, 2) (43, 39, 1) 
Queue 1: (27, 21, 4) (3, 25, 6) 
Queue 2: (13, 23, 4) (37, 27, 7) 
Queue 3: (1, 21, 1) (33, 24, 6) (28, 28, 5) 
Queue 4: (17, 22, 5) (48, 27, 6) 
Queue 5: (42, 23, 1) (41, 24, 5) (19, 28, 6) 


 Time: 29
Waiting Clients:
(8, 30, 3) (24, 30, 5) (30, 31, 2) (10, 32, 5) (31, 32, 6) (39, 35, 6) (46, 35, 4) (26, 37, 5) (6, 39, 2) (43, 39, 1) 
Queue 1: (27, 21, 3) (3, 25, 6) (18, 29, 2) 
Queue 2: (13, 23, 3) (37, 27, 7) (21, 29, 6) 
Queue 3: (33, 24, 6) (28, 28, 5) 
Queue 4: (17, 22, 4) (48, 27, 6) (44, 29, 3) 
Queue 5: (41, 24, 5) (19, 28, 6) 


 Time: 30
Waiting Clients:
(30, 31, 2) (10, 32, 5) (31, 32, 6) (39, 35, 6) (46, 35, 4) (26, 37, 5) (6, 39, 2) (43, 39, 1) 
Queue 1: (27, 21, 2) (3, 25, 6) (18, 29, 2) (8, 30, 4) 
Queue 2: (13, 23, 2) (37, 27, 7) (21, 29, 6) 
Queue 3: (33, 24, 5) (28, 28, 5) (24, 30, 6) 
Queue 4: (17, 22, 3) (48, 27, 6) (44, 29, 3) 
Queue 5: (41, 24, 4) (19, 28, 6) 


 Time: 31
Waiting Clients:
(10, 32, 5) (31, 32, 6) (39, 35, 6) (46, 35, 4) (26, 37, 5) (6, 39, 2) (43, 39, 1) 
Queue 1: (27, 21, 1) (3, 25, 6) (18, 29, 2) (8, 30, 4) 
Queue 2: (13, 23, 1) (37, 27, 7) (21, 29, 6) 
Queue 3: (33, 24, 4) (28, 28, 5) (24, 30, 6) 
Queue 4: (17, 22, 2) (48, 27, 6) (44, 29, 3) 
Queue 5: (41, 24, 3) (19, 28, 6) (30, 31, 3) 


 Time: 32
Waiting Clients:
(39, 35, 6) (46, 35, 4) (26, 37, 5) (6, 39, 2) (43, 39, 1) 
Queue 1: (3, 25, 6) (18, 29, 2) (8, 30, 4) 
Queue 2: (37, 27, 7) (21, 29, 6) 
Queue 3: (33, 24, 3) (28, 28, 5) (24, 30, 6) 
Queue 4: (17, 22, 1) (48, 27, 6) (44, 29, 3) (10, 32, 6) 
Queue 5: (41, 24, 2) (19, 28, 6) (30, 31, 3) (31, 32, 7) 


 Time: 33
Waiting Clients:
(39, 35, 6) (46, 35, 4) (26, 37, 5) (6, 39, 2) (43, 39, 1) 
Queue 1: (3, 25, 5) (18, 29, 2) (8, 30, 4) 
Queue 2: (37, 27, 6) (21, 29, 6) 
Queue 3: (33, 24, 2) (28, 28, 5) (24, 30, 6) 
Queue 4: (48, 27, 6) (44, 29, 3) (10, 32, 6) 
Queue 5: (41, 24, 1) (19, 28, 6) (30, 31, 3) (31, 32, 7) 


 Time: 34
Waiting Clients:
(39, 35, 6) (46, 35, 4) (26, 37, 5) (6, 39, 2) (43, 39, 1) 
Queue 1: (3, 25, 4) (18, 29, 2) (8, 30, 4) 
Queue 2: (37, 27, 5) (21, 29, 6) 
Queue 3: (33, 24, 1) (28, 28, 5) (24, 30, 6) 
Queue 4: (48, 27, 5) (44, 29, 3) (10, 32, 6) 
Queue 5: (19, 28, 6) (30, 31, 3) (31, 32, 7) 


 Time: 35
Waiting Clients:
(26, 37, 5) (6, 39, 2) (43, 39, 1) 
Queue 1: (3, 25, 3) (18, 29, 2) (8, 30, 4) (39, 35, 7) 
Queue 2: (37, 27, 4) (21, 29, 6) (46, 35, 5) 
Queue 3: (28, 28, 5) (24, 30, 6) 
Queue 4: (48, 27, 4) (44, 29, 3) (10, 32, 6) 
Queue 5: (19, 28, 5) (30, 31, 3) (31, 32, 7) 


 Time: 36
Waiting Clients:
(26, 37, 5) (6, 39, 2) (43, 39, 1) 
Queue 1: (3, 25, 2) (18, 29, 2) (8, 30, 4) (39, 35, 7) 
Queue 2: (37, 27, 3) (21, 29, 6) (46, 35, 5) 
Queue 3: (28, 28, 4) (24, 30, 6) 
Queue 4: (48, 27, 3) (44, 29, 3) (10, 32, 6) 
Queue 5: (19, 28, 4) (30, 31, 3) (31, 32, 7) 


 Time: 37
Waiting Clients:
(6, 39, 2) (43, 39, 1) 
Queue 1: (3, 25, 1) (18, 29, 2) (8, 30, 4) (39, 35, 7) 
Queue 2: (37, 27, 2) (21, 29, 6) (46, 35, 5) 
Queue 3: (28, 28, 3) (24, 30, 6) (26, 37, 6) 
Queue 4: (48, 27, 2) (44, 29, 3) (10, 32, 6) 
Queue 5: (19, 28, 3) (30, 31, 3) (31, 32, 7) 


 Time: 38
Waiting Clients:
(6, 39, 2) (43, 39, 1) 
Queue 1: (18, 29, 2) (8, 30, 4) (39, 35, 7) 
Queue 2: (37, 27, 1) (21, 29, 6) (46, 35, 5) 
Queue 3: (28, 28, 2) (24, 30, 6) (26, 37, 6) 
Queue 4: (48, 27, 1) (44, 29, 3) (10, 32, 6) 
Queue 5: (19, 28, 2) (30, 31, 3) (31, 32, 7) 


 Time: 39
Waiting Clients:

Queue 1: (18, 29, 1) (8, 30, 4) (39, 35, 7) 
Queue 2: (21, 29, 6) (46, 35, 5) (43, 39, 2) 
Queue 3: (28, 28, 1) (24, 30, 6) (26, 37, 6) 
Queue 4: (44, 29, 3) (10, 32, 6) (6, 39, 3) 
Queue 5: (19, 28, 1) (30, 31, 3) (31, 32, 7) 


 Time: 40
Waiting Clients:

Queue 1: (8, 30, 4) (39, 35, 7) 
Queue 2: (21, 29, 5) (46, 35, 5) (43, 39, 2) 
Queue 3: (24, 30, 6) (26, 37, 6) 
Queue 4: (44, 29, 2) (10, 32, 6) (6, 39, 3) 
Queue 5: (30, 31, 3) (31, 32, 7) 


 Time: 41
Waiting Clients:

Queue 1: (8, 30, 3) (39, 35, 7) 
Queue 2: (21, 29, 4) (46, 35, 5) (43, 39, 2) 
Queue 3: (24, 30, 5) (26, 37, 6) 
Queue 4: (44, 29, 1) (10, 32, 6) (6, 39, 3) 
Queue 5: (30, 31, 2) (31, 32, 7) 


 Time: 42
Waiting Clients:

Queue 1: (8, 30, 2) (39, 35, 7) 
Queue 2: (21, 29, 3) (46, 35, 5) (43, 39, 2) 
Queue 3: (24, 30, 4) (26, 37, 6) 
Queue 4: (10, 32, 6) (6, 39, 3) 
Queue 5: (30, 31, 1) (31, 32, 7) 


 Time: 43
Waiting Clients:

Queue 1: (8, 30, 1) (39, 35, 7) 
Queue 2: (21, 29, 2) (46, 35, 5) (43, 39, 2) 
Queue 3: (24, 30, 3) (26, 37, 6) 
Queue 4: (10, 32, 5) (6, 39, 3) 
Queue 5: (31, 32, 7) 


 Time: 44
Waiting Clients:

Queue 1: (39, 35, 7) 
Queue 2: (21, 29, 1) (46, 35, 5) (43, 39, 2) 
Queue 3: (24, 30, 2) (26, 37, 6) 
Queue 4: (10, 32, 4) (6, 39, 3) 
Queue 5: (31, 32, 6) 


 Time: 45
Waiting Clients:

Queue 1: (39, 35, 6) 
Queue 2: (46, 35, 5) (43, 39, 2) 
Queue 3: (24, 30, 1) (26, 37, 6) 
Queue 4: (10, 32, 3) (6, 39, 3) 
Queue 5: (31, 32, 5) 


 Time: 46
Waiting Clients:

Queue 1: (39, 35, 5) 
Queue 2: (46, 35, 4) (43, 39, 2) 
Queue 3: (26, 37, 6) 
Queue 4: (10, 32, 2) (6, 39, 3) 
Queue 5: (31, 32, 4) 


 Time: 47
Waiting Clients:

Queue 1: (39, 35, 4) 
Queue 2: (46, 35, 3) (43, 39, 2) 
Queue 3: (26, 37, 5) 
Queue 4: (10, 32, 1) (6, 39, 3) 
Queue 5: (31, 32, 3) 


 Time: 48
Waiting Clients:

Queue 1: (39, 35, 3) 
Queue 2: (46, 35, 2) (43, 39, 2) 
Queue 3: (26, 37, 4) 
Queue 4: (6, 39, 3) 
Queue 5: (31, 32, 2) 


 Time: 49
Waiting Clients:

Queue 1: (39, 35, 2) 
Queue 2: (46, 35, 1) (43, 39, 2) 
Queue 3: (26, 37, 3) 
Queue 4: (6, 39, 2) 
Queue 5: (31, 32, 1) 


 Time: 50
Waiting Clients:

Queue 1: (39, 35, 1) 
Queue 2: (43, 39, 2) 
Queue 3: (26, 37, 2) 
Queue 4: (6, 39, 1) 
Queue 5: closed


 Time: 51
Waiting Clients:

Queue 1: closed
Queue 2: (43, 39, 1) 
Queue 3: (26, 37, 1) 
Queue 4: closed
Queue 5: closed


 Time: 52
Waiting Clients:

Queue 1: closed
Queue 2: closed
Queue 3: closed
Queue 4: closed
Queue 5: closed

Average Waiting Time: 19.78
Average Processing Time: 3.9
